{
 "cells": [
  {
   "cell_type": "code",
   "execution_count": 109,
   "metadata": {},
   "outputs": [],
   "source": [
    "import numpy as np\n",
    "import os\n",
    "import pandas as pd\n",
    "from scipy.stats import chi2\n",
    "\n",
    "pd.options.display.float_format = '{:.4f}'.format"
   ]
  },
  {
   "cell_type": "code",
   "execution_count": 7,
   "metadata": {},
   "outputs": [
    {
     "data": {
      "text/html": [
       "<div>\n",
       "<style scoped>\n",
       "    .dataframe tbody tr th:only-of-type {\n",
       "        vertical-align: middle;\n",
       "    }\n",
       "\n",
       "    .dataframe tbody tr th {\n",
       "        vertical-align: top;\n",
       "    }\n",
       "\n",
       "    .dataframe thead th {\n",
       "        text-align: right;\n",
       "    }\n",
       "</style>\n",
       "<table border=\"1\" class=\"dataframe\">\n",
       "  <thead>\n",
       "    <tr style=\"text-align: right;\">\n",
       "      <th></th>\n",
       "      <th>国語</th>\n",
       "      <th>英語</th>\n",
       "      <th>数学</th>\n",
       "      <th>物理</th>\n",
       "      <th>化学</th>\n",
       "      <th>生物</th>\n",
       "      <th>地学</th>\n",
       "      <th>世界史</th>\n",
       "      <th>日本史</th>\n",
       "      <th>経済</th>\n",
       "      <th>地理</th>\n",
       "      <th>倫理</th>\n",
       "    </tr>\n",
       "  </thead>\n",
       "  <tbody>\n",
       "    <tr>\n",
       "      <th>0</th>\n",
       "      <td>-0.394296</td>\n",
       "      <td>-0.863552</td>\n",
       "      <td>0.299784</td>\n",
       "      <td>0.052264</td>\n",
       "      <td>-0.193747</td>\n",
       "      <td>1.762086</td>\n",
       "      <td>-0.458840</td>\n",
       "      <td>-0.889665</td>\n",
       "      <td>-0.163093</td>\n",
       "      <td>-0.939310</td>\n",
       "      <td>-0.149300</td>\n",
       "      <td>-2.286900</td>\n",
       "    </tr>\n",
       "    <tr>\n",
       "      <th>1</th>\n",
       "      <td>-1.062188</td>\n",
       "      <td>-0.061273</td>\n",
       "      <td>-0.572619</td>\n",
       "      <td>-0.544283</td>\n",
       "      <td>-0.305108</td>\n",
       "      <td>1.988985</td>\n",
       "      <td>-0.166363</td>\n",
       "      <td>0.610966</td>\n",
       "      <td>-0.951714</td>\n",
       "      <td>1.390854</td>\n",
       "      <td>-0.226003</td>\n",
       "      <td>-0.031098</td>\n",
       "    </tr>\n",
       "    <tr>\n",
       "      <th>2</th>\n",
       "      <td>-0.669470</td>\n",
       "      <td>-0.751437</td>\n",
       "      <td>0.574793</td>\n",
       "      <td>-0.379771</td>\n",
       "      <td>-0.539259</td>\n",
       "      <td>-0.623499</td>\n",
       "      <td>-1.034320</td>\n",
       "      <td>0.393436</td>\n",
       "      <td>1.439274</td>\n",
       "      <td>2.218160</td>\n",
       "      <td>0.716289</td>\n",
       "      <td>-0.462702</td>\n",
       "    </tr>\n",
       "    <tr>\n",
       "      <th>3</th>\n",
       "      <td>0.776026</td>\n",
       "      <td>1.166164</td>\n",
       "      <td>-0.986413</td>\n",
       "      <td>-0.723857</td>\n",
       "      <td>-0.091960</td>\n",
       "      <td>-0.150870</td>\n",
       "      <td>-0.047286</td>\n",
       "      <td>-2.427921</td>\n",
       "      <td>0.433994</td>\n",
       "      <td>-1.270779</td>\n",
       "      <td>0.323981</td>\n",
       "      <td>1.406393</td>\n",
       "    </tr>\n",
       "    <tr>\n",
       "      <th>4</th>\n",
       "      <td>-2.212173</td>\n",
       "      <td>-0.571762</td>\n",
       "      <td>-0.842556</td>\n",
       "      <td>-0.849638</td>\n",
       "      <td>-0.280362</td>\n",
       "      <td>-1.089733</td>\n",
       "      <td>-0.836957</td>\n",
       "      <td>-0.812882</td>\n",
       "      <td>-1.702264</td>\n",
       "      <td>-0.365675</td>\n",
       "      <td>-0.113076</td>\n",
       "      <td>-2.497812</td>\n",
       "    </tr>\n",
       "  </tbody>\n",
       "</table>\n",
       "</div>"
      ],
      "text/plain": [
       "         国語        英語        数学        物理        化学        生物        地学  \\\n",
       "0 -0.394296 -0.863552  0.299784  0.052264 -0.193747  1.762086 -0.458840   \n",
       "1 -1.062188 -0.061273 -0.572619 -0.544283 -0.305108  1.988985 -0.166363   \n",
       "2 -0.669470 -0.751437  0.574793 -0.379771 -0.539259 -0.623499 -1.034320   \n",
       "3  0.776026  1.166164 -0.986413 -0.723857 -0.091960 -0.150870 -0.047286   \n",
       "4 -2.212173 -0.571762 -0.842556 -0.849638 -0.280362 -1.089733 -0.836957   \n",
       "\n",
       "        世界史       日本史        経済        地理        倫理  \n",
       "0 -0.889665 -0.163093 -0.939310 -0.149300 -2.286900  \n",
       "1  0.610966 -0.951714  1.390854 -0.226003 -0.031098  \n",
       "2  0.393436  1.439274  2.218160  0.716289 -0.462702  \n",
       "3 -2.427921  0.433994 -1.270779  0.323981  1.406393  \n",
       "4 -0.812882 -1.702264 -0.365675 -0.113076 -2.497812  "
      ]
     },
     "execution_count": 7,
     "metadata": {},
     "output_type": "execute_result"
    }
   ],
   "source": [
    "df = pd.read_csv(os.path.join('..', 'data', '12_subject_scores.csv'))\n",
    "\n",
    "df.head()"
   ]
  },
  {
   "cell_type": "code",
   "execution_count": 13,
   "metadata": {},
   "outputs": [],
   "source": [
    "cor_inv = np.linalg.inv(df.corr())\n",
    "sqrt_diag_inv = np.diag(1/np.sqrt(np.diag(cor_inv)))\n",
    "\n",
    "cor_inv_std = sqrt_diag_inv.dot(cor_inv).dot(sqrt_diag_inv)"
   ]
  },
  {
   "cell_type": "code",
   "execution_count": 15,
   "metadata": {},
   "outputs": [
    {
     "data": {
      "text/html": [
       "<div>\n",
       "<style scoped>\n",
       "    .dataframe tbody tr th:only-of-type {\n",
       "        vertical-align: middle;\n",
       "    }\n",
       "\n",
       "    .dataframe tbody tr th {\n",
       "        vertical-align: top;\n",
       "    }\n",
       "\n",
       "    .dataframe thead th {\n",
       "        text-align: right;\n",
       "    }\n",
       "</style>\n",
       "<table border=\"1\" class=\"dataframe\">\n",
       "  <thead>\n",
       "    <tr style=\"text-align: right;\">\n",
       "      <th></th>\n",
       "      <th>国語</th>\n",
       "      <th>英語</th>\n",
       "      <th>数学</th>\n",
       "      <th>物理</th>\n",
       "      <th>化学</th>\n",
       "      <th>生物</th>\n",
       "      <th>地学</th>\n",
       "      <th>世界史</th>\n",
       "      <th>日本史</th>\n",
       "      <th>経済</th>\n",
       "      <th>地理</th>\n",
       "      <th>倫理</th>\n",
       "    </tr>\n",
       "  </thead>\n",
       "  <tbody>\n",
       "    <tr>\n",
       "      <th>国語</th>\n",
       "      <td>1.000000</td>\n",
       "      <td>-0.217951</td>\n",
       "      <td>-0.019185</td>\n",
       "      <td>-0.102306</td>\n",
       "      <td>-0.082707</td>\n",
       "      <td>0.009664</td>\n",
       "      <td>0.007089</td>\n",
       "      <td>-0.064580</td>\n",
       "      <td>-0.091774</td>\n",
       "      <td>-0.073937</td>\n",
       "      <td>0.022149</td>\n",
       "      <td>-0.170930</td>\n",
       "    </tr>\n",
       "    <tr>\n",
       "      <th>英語</th>\n",
       "      <td>-0.217951</td>\n",
       "      <td>1.000000</td>\n",
       "      <td>-0.021446</td>\n",
       "      <td>-0.027383</td>\n",
       "      <td>-0.048900</td>\n",
       "      <td>-0.018640</td>\n",
       "      <td>-0.014234</td>\n",
       "      <td>0.011057</td>\n",
       "      <td>-0.017024</td>\n",
       "      <td>0.041023</td>\n",
       "      <td>-0.084418</td>\n",
       "      <td>-0.232535</td>\n",
       "    </tr>\n",
       "    <tr>\n",
       "      <th>数学</th>\n",
       "      <td>-0.019185</td>\n",
       "      <td>-0.021446</td>\n",
       "      <td>1.000000</td>\n",
       "      <td>-0.328966</td>\n",
       "      <td>-0.074756</td>\n",
       "      <td>-0.060503</td>\n",
       "      <td>0.025255</td>\n",
       "      <td>-0.016956</td>\n",
       "      <td>-0.005833</td>\n",
       "      <td>0.022023</td>\n",
       "      <td>0.026759</td>\n",
       "      <td>-0.023335</td>\n",
       "    </tr>\n",
       "    <tr>\n",
       "      <th>物理</th>\n",
       "      <td>-0.102306</td>\n",
       "      <td>-0.027383</td>\n",
       "      <td>-0.328966</td>\n",
       "      <td>1.000000</td>\n",
       "      <td>-0.053275</td>\n",
       "      <td>-0.023651</td>\n",
       "      <td>-0.087571</td>\n",
       "      <td>0.003528</td>\n",
       "      <td>0.040766</td>\n",
       "      <td>0.028570</td>\n",
       "      <td>-0.071625</td>\n",
       "      <td>0.001497</td>\n",
       "    </tr>\n",
       "    <tr>\n",
       "      <th>化学</th>\n",
       "      <td>-0.082707</td>\n",
       "      <td>-0.048900</td>\n",
       "      <td>-0.074756</td>\n",
       "      <td>-0.053275</td>\n",
       "      <td>1.000000</td>\n",
       "      <td>-0.178026</td>\n",
       "      <td>-0.224728</td>\n",
       "      <td>0.011185</td>\n",
       "      <td>-0.009157</td>\n",
       "      <td>0.084876</td>\n",
       "      <td>0.022616</td>\n",
       "      <td>0.014115</td>\n",
       "    </tr>\n",
       "    <tr>\n",
       "      <th>生物</th>\n",
       "      <td>0.009664</td>\n",
       "      <td>-0.018640</td>\n",
       "      <td>-0.060503</td>\n",
       "      <td>-0.023651</td>\n",
       "      <td>-0.178026</td>\n",
       "      <td>1.000000</td>\n",
       "      <td>-0.270631</td>\n",
       "      <td>-0.017174</td>\n",
       "      <td>0.054296</td>\n",
       "      <td>-0.143267</td>\n",
       "      <td>0.003038</td>\n",
       "      <td>-0.153239</td>\n",
       "    </tr>\n",
       "    <tr>\n",
       "      <th>地学</th>\n",
       "      <td>0.007089</td>\n",
       "      <td>-0.014234</td>\n",
       "      <td>0.025255</td>\n",
       "      <td>-0.087571</td>\n",
       "      <td>-0.224728</td>\n",
       "      <td>-0.270631</td>\n",
       "      <td>1.000000</td>\n",
       "      <td>-0.025806</td>\n",
       "      <td>-0.043757</td>\n",
       "      <td>-0.113982</td>\n",
       "      <td>0.022746</td>\n",
       "      <td>-0.129605</td>\n",
       "    </tr>\n",
       "    <tr>\n",
       "      <th>世界史</th>\n",
       "      <td>-0.064580</td>\n",
       "      <td>0.011057</td>\n",
       "      <td>-0.016956</td>\n",
       "      <td>0.003528</td>\n",
       "      <td>0.011185</td>\n",
       "      <td>-0.017174</td>\n",
       "      <td>-0.025806</td>\n",
       "      <td>1.000000</td>\n",
       "      <td>-0.249001</td>\n",
       "      <td>-0.065679</td>\n",
       "      <td>-0.257794</td>\n",
       "      <td>-0.022659</td>\n",
       "    </tr>\n",
       "    <tr>\n",
       "      <th>日本史</th>\n",
       "      <td>-0.091774</td>\n",
       "      <td>-0.017024</td>\n",
       "      <td>-0.005833</td>\n",
       "      <td>0.040766</td>\n",
       "      <td>-0.009157</td>\n",
       "      <td>0.054296</td>\n",
       "      <td>-0.043757</td>\n",
       "      <td>-0.249001</td>\n",
       "      <td>1.000000</td>\n",
       "      <td>-0.023919</td>\n",
       "      <td>-0.221817</td>\n",
       "      <td>-0.042064</td>\n",
       "    </tr>\n",
       "    <tr>\n",
       "      <th>経済</th>\n",
       "      <td>-0.073937</td>\n",
       "      <td>0.041023</td>\n",
       "      <td>0.022023</td>\n",
       "      <td>0.028570</td>\n",
       "      <td>0.084876</td>\n",
       "      <td>-0.143267</td>\n",
       "      <td>-0.113982</td>\n",
       "      <td>-0.065679</td>\n",
       "      <td>-0.023919</td>\n",
       "      <td>1.000000</td>\n",
       "      <td>-0.074519</td>\n",
       "      <td>-0.190453</td>\n",
       "    </tr>\n",
       "    <tr>\n",
       "      <th>地理</th>\n",
       "      <td>0.022149</td>\n",
       "      <td>-0.084418</td>\n",
       "      <td>0.026759</td>\n",
       "      <td>-0.071625</td>\n",
       "      <td>0.022616</td>\n",
       "      <td>0.003038</td>\n",
       "      <td>0.022746</td>\n",
       "      <td>-0.257794</td>\n",
       "      <td>-0.221817</td>\n",
       "      <td>-0.074519</td>\n",
       "      <td>1.000000</td>\n",
       "      <td>-0.015406</td>\n",
       "    </tr>\n",
       "    <tr>\n",
       "      <th>倫理</th>\n",
       "      <td>-0.170930</td>\n",
       "      <td>-0.232535</td>\n",
       "      <td>-0.023335</td>\n",
       "      <td>0.001497</td>\n",
       "      <td>0.014115</td>\n",
       "      <td>-0.153239</td>\n",
       "      <td>-0.129605</td>\n",
       "      <td>-0.022659</td>\n",
       "      <td>-0.042064</td>\n",
       "      <td>-0.190453</td>\n",
       "      <td>-0.015406</td>\n",
       "      <td>1.000000</td>\n",
       "    </tr>\n",
       "  </tbody>\n",
       "</table>\n",
       "</div>"
      ],
      "text/plain": [
       "           国語        英語        数学        物理        化学        生物        地学  \\\n",
       "国語   1.000000 -0.217951 -0.019185 -0.102306 -0.082707  0.009664  0.007089   \n",
       "英語  -0.217951  1.000000 -0.021446 -0.027383 -0.048900 -0.018640 -0.014234   \n",
       "数学  -0.019185 -0.021446  1.000000 -0.328966 -0.074756 -0.060503  0.025255   \n",
       "物理  -0.102306 -0.027383 -0.328966  1.000000 -0.053275 -0.023651 -0.087571   \n",
       "化学  -0.082707 -0.048900 -0.074756 -0.053275  1.000000 -0.178026 -0.224728   \n",
       "生物   0.009664 -0.018640 -0.060503 -0.023651 -0.178026  1.000000 -0.270631   \n",
       "地学   0.007089 -0.014234  0.025255 -0.087571 -0.224728 -0.270631  1.000000   \n",
       "世界史 -0.064580  0.011057 -0.016956  0.003528  0.011185 -0.017174 -0.025806   \n",
       "日本史 -0.091774 -0.017024 -0.005833  0.040766 -0.009157  0.054296 -0.043757   \n",
       "経済  -0.073937  0.041023  0.022023  0.028570  0.084876 -0.143267 -0.113982   \n",
       "地理   0.022149 -0.084418  0.026759 -0.071625  0.022616  0.003038  0.022746   \n",
       "倫理  -0.170930 -0.232535 -0.023335  0.001497  0.014115 -0.153239 -0.129605   \n",
       "\n",
       "          世界史       日本史        経済        地理        倫理  \n",
       "国語  -0.064580 -0.091774 -0.073937  0.022149 -0.170930  \n",
       "英語   0.011057 -0.017024  0.041023 -0.084418 -0.232535  \n",
       "数学  -0.016956 -0.005833  0.022023  0.026759 -0.023335  \n",
       "物理   0.003528  0.040766  0.028570 -0.071625  0.001497  \n",
       "化学   0.011185 -0.009157  0.084876  0.022616  0.014115  \n",
       "生物  -0.017174  0.054296 -0.143267  0.003038 -0.153239  \n",
       "地学  -0.025806 -0.043757 -0.113982  0.022746 -0.129605  \n",
       "世界史  1.000000 -0.249001 -0.065679 -0.257794 -0.022659  \n",
       "日本史 -0.249001  1.000000 -0.023919 -0.221817 -0.042064  \n",
       "経済  -0.065679 -0.023919  1.000000 -0.074519 -0.190453  \n",
       "地理  -0.257794 -0.221817 -0.074519  1.000000 -0.015406  \n",
       "倫理  -0.022659 -0.042064 -0.190453 -0.015406  1.000000  "
      ]
     },
     "execution_count": 15,
     "metadata": {},
     "output_type": "execute_result"
    }
   ],
   "source": [
    "pd.DataFrame(cor_inv_std, index=df.columns, columns=df.columns)"
   ]
  },
  {
   "cell_type": "code",
   "execution_count": 65,
   "metadata": {},
   "outputs": [],
   "source": [
    "df_cor = pd.read_csv(os.path.join('..', 'data', 'cor.csv'))\n",
    "df_cor = df_cor.drop(['Unnamed: 0', '公開日時', 'ln_経過日数', 'ln_視聴回数', 'ln_高評価件数'], axis=1).drop([1, 8, 9, 10])"
   ]
  },
  {
   "cell_type": "code",
   "execution_count": 66,
   "metadata": {},
   "outputs": [
    {
     "data": {
      "text/html": [
       "<div>\n",
       "<style scoped>\n",
       "    .dataframe tbody tr th:only-of-type {\n",
       "        vertical-align: middle;\n",
       "    }\n",
       "\n",
       "    .dataframe tbody tr th {\n",
       "        vertical-align: top;\n",
       "    }\n",
       "\n",
       "    .dataframe thead th {\n",
       "        text-align: right;\n",
       "    }\n",
       "</style>\n",
       "<table border=\"1\" class=\"dataframe\">\n",
       "  <thead>\n",
       "    <tr style=\"text-align: right;\">\n",
       "      <th></th>\n",
       "      <th>動画時間_correct</th>\n",
       "      <th>経過日数</th>\n",
       "      <th>プレミア公開</th>\n",
       "      <th>視聴回数</th>\n",
       "      <th>コメント</th>\n",
       "      <th>高評価件数</th>\n",
       "      <th>低評価件数</th>\n",
       "    </tr>\n",
       "  </thead>\n",
       "  <tbody>\n",
       "    <tr>\n",
       "      <th>0</th>\n",
       "      <td>1.000000</td>\n",
       "      <td>-0.472549</td>\n",
       "      <td>0.677808</td>\n",
       "      <td>0.328936</td>\n",
       "      <td>0.452101</td>\n",
       "      <td>0.410099</td>\n",
       "      <td>0.125069</td>\n",
       "    </tr>\n",
       "    <tr>\n",
       "      <th>2</th>\n",
       "      <td>-0.472549</td>\n",
       "      <td>1.000000</td>\n",
       "      <td>-0.641806</td>\n",
       "      <td>0.127134</td>\n",
       "      <td>-0.077394</td>\n",
       "      <td>0.009461</td>\n",
       "      <td>0.258704</td>\n",
       "    </tr>\n",
       "    <tr>\n",
       "      <th>3</th>\n",
       "      <td>0.677808</td>\n",
       "      <td>-0.641806</td>\n",
       "      <td>1.000000</td>\n",
       "      <td>0.214025</td>\n",
       "      <td>0.377556</td>\n",
       "      <td>0.329272</td>\n",
       "      <td>0.164930</td>\n",
       "    </tr>\n",
       "    <tr>\n",
       "      <th>4</th>\n",
       "      <td>0.328936</td>\n",
       "      <td>0.127134</td>\n",
       "      <td>0.214025</td>\n",
       "      <td>1.000000</td>\n",
       "      <td>0.848600</td>\n",
       "      <td>0.910386</td>\n",
       "      <td>0.831124</td>\n",
       "    </tr>\n",
       "    <tr>\n",
       "      <th>5</th>\n",
       "      <td>0.452101</td>\n",
       "      <td>-0.077394</td>\n",
       "      <td>0.377556</td>\n",
       "      <td>0.848600</td>\n",
       "      <td>1.000000</td>\n",
       "      <td>0.832235</td>\n",
       "      <td>0.613678</td>\n",
       "    </tr>\n",
       "    <tr>\n",
       "      <th>6</th>\n",
       "      <td>0.410099</td>\n",
       "      <td>0.009461</td>\n",
       "      <td>0.329272</td>\n",
       "      <td>0.910386</td>\n",
       "      <td>0.832235</td>\n",
       "      <td>1.000000</td>\n",
       "      <td>0.660566</td>\n",
       "    </tr>\n",
       "    <tr>\n",
       "      <th>7</th>\n",
       "      <td>0.125069</td>\n",
       "      <td>0.258704</td>\n",
       "      <td>0.164930</td>\n",
       "      <td>0.831124</td>\n",
       "      <td>0.613678</td>\n",
       "      <td>0.660566</td>\n",
       "      <td>1.000000</td>\n",
       "    </tr>\n",
       "  </tbody>\n",
       "</table>\n",
       "</div>"
      ],
      "text/plain": [
       "   動画時間_correct      経過日数    プレミア公開      視聴回数      コメント     高評価件数     低評価件数\n",
       "0      1.000000 -0.472549  0.677808  0.328936  0.452101  0.410099  0.125069\n",
       "2     -0.472549  1.000000 -0.641806  0.127134 -0.077394  0.009461  0.258704\n",
       "3      0.677808 -0.641806  1.000000  0.214025  0.377556  0.329272  0.164930\n",
       "4      0.328936  0.127134  0.214025  1.000000  0.848600  0.910386  0.831124\n",
       "5      0.452101 -0.077394  0.377556  0.848600  1.000000  0.832235  0.613678\n",
       "6      0.410099  0.009461  0.329272  0.910386  0.832235  1.000000  0.660566\n",
       "7      0.125069  0.258704  0.164930  0.831124  0.613678  0.660566  1.000000"
      ]
     },
     "execution_count": 66,
     "metadata": {},
     "output_type": "execute_result"
    }
   ],
   "source": [
    "df_cor"
   ]
  },
  {
   "cell_type": "code",
   "execution_count": 67,
   "metadata": {},
   "outputs": [
    {
     "data": {
      "text/plain": [
       "array([[ 2.28299745,  0.09554208, -1.39671209, -1.54582759, -0.08868323,\n",
       "         0.30513158,  1.05774927],\n",
       "       [ 0.09554208,  2.28084045,  1.58770752,  0.77297079,  0.07875049,\n",
       "        -0.57810342, -1.17275994],\n",
       "       [-1.39671209,  1.58770752,  3.42421525,  3.46215998, -0.80247796,\n",
       "        -1.68423396, -2.07329247],\n",
       "       [-1.54582759,  0.77297079,  3.46215998, 19.74502081, -4.58243276,\n",
       "        -9.42255889, -7.95186004],\n",
       "       [-0.08868323,  0.07875049, -0.80247796, -4.58243276,  4.68277739,\n",
       "        -0.22063529,  1.20366977],\n",
       "       [ 0.30513158, -0.57810342, -1.68423396, -9.42255889, -0.22063529,\n",
       "         8.29778775,  2.87465815],\n",
       "       [ 1.05774927, -1.17275994, -2.07329247, -7.95186004,  1.20366977,\n",
       "         2.87465815,  5.48447308]])"
      ]
     },
     "execution_count": 67,
     "metadata": {},
     "output_type": "execute_result"
    }
   ],
   "source": [
    "np.linalg.inv(df_cor)"
   ]
  },
  {
   "cell_type": "code",
   "execution_count": 68,
   "metadata": {},
   "outputs": [
    {
     "data": {
      "text/plain": [
       "(7, 7)"
      ]
     },
     "execution_count": 68,
     "metadata": {},
     "output_type": "execute_result"
    }
   ],
   "source": [
    "df_cor.shape"
   ]
  },
  {
   "cell_type": "code",
   "execution_count": 69,
   "metadata": {},
   "outputs": [],
   "source": [
    "cor_inv = np.linalg.inv(df_cor)\n",
    "sqrt_diag_inv = np.diag(1/np.sqrt(np.diag(cor_inv)))\n",
    "\n",
    "cor_inv_std = sqrt_diag_inv.dot(cor_inv).dot(sqrt_diag_inv)"
   ]
  },
  {
   "cell_type": "code",
   "execution_count": 74,
   "metadata": {},
   "outputs": [
    {
     "data": {
      "text/html": [
       "<div>\n",
       "<style scoped>\n",
       "    .dataframe tbody tr th:only-of-type {\n",
       "        vertical-align: middle;\n",
       "    }\n",
       "\n",
       "    .dataframe tbody tr th {\n",
       "        vertical-align: top;\n",
       "    }\n",
       "\n",
       "    .dataframe thead th {\n",
       "        text-align: right;\n",
       "    }\n",
       "</style>\n",
       "<table border=\"1\" class=\"dataframe\">\n",
       "  <thead>\n",
       "    <tr style=\"text-align: right;\">\n",
       "      <th></th>\n",
       "      <th>動画時間_correct</th>\n",
       "      <th>経過日数</th>\n",
       "      <th>プレミア公開</th>\n",
       "      <th>視聴回数</th>\n",
       "      <th>コメント</th>\n",
       "      <th>高評価件数</th>\n",
       "      <th>低評価件数</th>\n",
       "    </tr>\n",
       "  </thead>\n",
       "  <tbody>\n",
       "    <tr>\n",
       "      <th>動画時間_correct</th>\n",
       "      <td>1.000000</td>\n",
       "      <td>0.041869</td>\n",
       "      <td>-0.499544</td>\n",
       "      <td>-0.230239</td>\n",
       "      <td>-0.027123</td>\n",
       "      <td>0.070106</td>\n",
       "      <td>0.298925</td>\n",
       "    </tr>\n",
       "    <tr>\n",
       "      <th>経過日数</th>\n",
       "      <td>0.041869</td>\n",
       "      <td>1.000000</td>\n",
       "      <td>0.568123</td>\n",
       "      <td>0.115183</td>\n",
       "      <td>0.024097</td>\n",
       "      <td>-0.132885</td>\n",
       "      <td>-0.331584</td>\n",
       "    </tr>\n",
       "    <tr>\n",
       "      <th>プレミア公開</th>\n",
       "      <td>-0.499544</td>\n",
       "      <td>0.568123</td>\n",
       "      <td>1.000000</td>\n",
       "      <td>0.421054</td>\n",
       "      <td>-0.200401</td>\n",
       "      <td>-0.315966</td>\n",
       "      <td>-0.478424</td>\n",
       "    </tr>\n",
       "    <tr>\n",
       "      <th>視聴回数</th>\n",
       "      <td>-0.230239</td>\n",
       "      <td>0.115183</td>\n",
       "      <td>0.421054</td>\n",
       "      <td>1.000000</td>\n",
       "      <td>-0.476558</td>\n",
       "      <td>-0.736137</td>\n",
       "      <td>-0.764139</td>\n",
       "    </tr>\n",
       "    <tr>\n",
       "      <th>コメント</th>\n",
       "      <td>-0.027123</td>\n",
       "      <td>0.024097</td>\n",
       "      <td>-0.200401</td>\n",
       "      <td>-0.476558</td>\n",
       "      <td>1.000000</td>\n",
       "      <td>-0.035395</td>\n",
       "      <td>0.237513</td>\n",
       "    </tr>\n",
       "    <tr>\n",
       "      <th>高評価件数</th>\n",
       "      <td>0.070106</td>\n",
       "      <td>-0.132885</td>\n",
       "      <td>-0.315966</td>\n",
       "      <td>-0.736137</td>\n",
       "      <td>-0.035395</td>\n",
       "      <td>1.000000</td>\n",
       "      <td>0.426126</td>\n",
       "    </tr>\n",
       "    <tr>\n",
       "      <th>低評価件数</th>\n",
       "      <td>0.298925</td>\n",
       "      <td>-0.331584</td>\n",
       "      <td>-0.478424</td>\n",
       "      <td>-0.764139</td>\n",
       "      <td>0.237513</td>\n",
       "      <td>0.426126</td>\n",
       "      <td>1.000000</td>\n",
       "    </tr>\n",
       "  </tbody>\n",
       "</table>\n",
       "</div>"
      ],
      "text/plain": [
       "              動画時間_correct      経過日数    プレミア公開      視聴回数      コメント     高評価件数  \\\n",
       "動画時間_correct      1.000000  0.041869 -0.499544 -0.230239 -0.027123  0.070106   \n",
       "経過日数              0.041869  1.000000  0.568123  0.115183  0.024097 -0.132885   \n",
       "プレミア公開           -0.499544  0.568123  1.000000  0.421054 -0.200401 -0.315966   \n",
       "視聴回数             -0.230239  0.115183  0.421054  1.000000 -0.476558 -0.736137   \n",
       "コメント             -0.027123  0.024097 -0.200401 -0.476558  1.000000 -0.035395   \n",
       "高評価件数             0.070106 -0.132885 -0.315966 -0.736137 -0.035395  1.000000   \n",
       "低評価件数             0.298925 -0.331584 -0.478424 -0.764139  0.237513  0.426126   \n",
       "\n",
       "                 低評価件数  \n",
       "動画時間_correct  0.298925  \n",
       "経過日数         -0.331584  \n",
       "プレミア公開       -0.478424  \n",
       "視聴回数         -0.764139  \n",
       "コメント          0.237513  \n",
       "高評価件数         0.426126  \n",
       "低評価件数         1.000000  "
      ]
     },
     "execution_count": 74,
     "metadata": {},
     "output_type": "execute_result"
    }
   ],
   "source": [
    "pd.DataFrame(cor_inv_std, index=df_cor.columns, columns=df_cor.columns)"
   ]
  },
  {
   "cell_type": "code",
   "execution_count": 75,
   "metadata": {},
   "outputs": [
    {
     "data": {
      "text/html": [
       "<div>\n",
       "<style scoped>\n",
       "    .dataframe tbody tr th:only-of-type {\n",
       "        vertical-align: middle;\n",
       "    }\n",
       "\n",
       "    .dataframe tbody tr th {\n",
       "        vertical-align: top;\n",
       "    }\n",
       "\n",
       "    .dataframe thead th {\n",
       "        text-align: right;\n",
       "    }\n",
       "</style>\n",
       "<table border=\"1\" class=\"dataframe\">\n",
       "  <thead>\n",
       "    <tr style=\"text-align: right;\">\n",
       "      <th></th>\n",
       "      <th>動画時間_correct</th>\n",
       "      <th>経過日数</th>\n",
       "      <th>プレミア公開</th>\n",
       "      <th>視聴回数</th>\n",
       "      <th>コメント</th>\n",
       "      <th>高評価件数</th>\n",
       "      <th>低評価件数</th>\n",
       "    </tr>\n",
       "  </thead>\n",
       "  <tbody>\n",
       "    <tr>\n",
       "      <th>動画時間_correct</th>\n",
       "      <td>1.000000</td>\n",
       "      <td>-0.041833</td>\n",
       "      <td>0.446887</td>\n",
       "      <td>0.224369</td>\n",
       "      <td>0.027113</td>\n",
       "      <td>-0.069934</td>\n",
       "      <td>-0.286403</td>\n",
       "    </tr>\n",
       "    <tr>\n",
       "      <th>経過日数</th>\n",
       "      <td>-0.041833</td>\n",
       "      <td>1.000000</td>\n",
       "      <td>-0.493971</td>\n",
       "      <td>-0.114426</td>\n",
       "      <td>-0.024090</td>\n",
       "      <td>0.131727</td>\n",
       "      <td>0.314733</td>\n",
       "    </tr>\n",
       "    <tr>\n",
       "      <th>プレミア公開</th>\n",
       "      <td>0.446887</td>\n",
       "      <td>-0.493971</td>\n",
       "      <td>1.000000</td>\n",
       "      <td>-0.388058</td>\n",
       "      <td>0.196495</td>\n",
       "      <td>0.301285</td>\n",
       "      <td>0.431575</td>\n",
       "    </tr>\n",
       "    <tr>\n",
       "      <th>視聴回数</th>\n",
       "      <td>0.224369</td>\n",
       "      <td>-0.114426</td>\n",
       "      <td>-0.388058</td>\n",
       "      <td>1.000000</td>\n",
       "      <td>0.430204</td>\n",
       "      <td>0.592831</td>\n",
       "      <td>0.607166</td>\n",
       "    </tr>\n",
       "    <tr>\n",
       "      <th>コメント</th>\n",
       "      <td>0.027113</td>\n",
       "      <td>-0.024090</td>\n",
       "      <td>0.196495</td>\n",
       "      <td>0.430204</td>\n",
       "      <td>1.000000</td>\n",
       "      <td>0.035373</td>\n",
       "      <td>-0.231085</td>\n",
       "    </tr>\n",
       "    <tr>\n",
       "      <th>高評価件数</th>\n",
       "      <td>-0.069934</td>\n",
       "      <td>0.131727</td>\n",
       "      <td>0.301285</td>\n",
       "      <td>0.592831</td>\n",
       "      <td>0.035373</td>\n",
       "      <td>1.000000</td>\n",
       "      <td>-0.392018</td>\n",
       "    </tr>\n",
       "    <tr>\n",
       "      <th>低評価件数</th>\n",
       "      <td>-0.286403</td>\n",
       "      <td>0.314733</td>\n",
       "      <td>0.431575</td>\n",
       "      <td>0.607166</td>\n",
       "      <td>-0.231085</td>\n",
       "      <td>-0.392018</td>\n",
       "      <td>1.000000</td>\n",
       "    </tr>\n",
       "  </tbody>\n",
       "</table>\n",
       "</div>"
      ],
      "text/plain": [
       "              動画時間_correct      経過日数    プレミア公開      視聴回数      コメント     高評価件数  \\\n",
       "動画時間_correct      1.000000 -0.041833  0.446887  0.224369  0.027113 -0.069934   \n",
       "経過日数             -0.041833  1.000000 -0.493971 -0.114426 -0.024090  0.131727   \n",
       "プレミア公開            0.446887 -0.493971  1.000000 -0.388058  0.196495  0.301285   \n",
       "視聴回数              0.224369 -0.114426 -0.388058  1.000000  0.430204  0.592831   \n",
       "コメント              0.027113 -0.024090  0.196495  0.430204  1.000000  0.035373   \n",
       "高評価件数            -0.069934  0.131727  0.301285  0.592831  0.035373  1.000000   \n",
       "低評価件数            -0.286403  0.314733  0.431575  0.607166 -0.231085 -0.392018   \n",
       "\n",
       "                 低評価件数  \n",
       "動画時間_correct -0.286403  \n",
       "経過日数          0.314733  \n",
       "プレミア公開        0.431575  \n",
       "視聴回数          0.607166  \n",
       "コメント         -0.231085  \n",
       "高評価件数        -0.392018  \n",
       "低評価件数         1.000000  "
      ]
     },
     "execution_count": 75,
     "metadata": {},
     "output_type": "execute_result"
    }
   ],
   "source": [
    "pd.DataFrame(cor_inv_std, index=df_cor.columns, columns=df_cor.columns).applymap(lambda x: -x/np.sqrt(1+x**2) if x < 1 else 1)"
   ]
  },
  {
   "cell_type": "code",
   "execution_count": 99,
   "metadata": {},
   "outputs": [],
   "source": [
    "def inverse_cor(cor):\n",
    "    cor_inv = np.linalg.inv(cor)\n",
    "    diag = np.diag(1/np.sqrt(np.diag(cor_inv)))\n",
    "    return diag.dot(cor_inv).dot(diag)"
   ]
  },
  {
   "cell_type": "code",
   "execution_count": 119,
   "metadata": {
    "scrolled": false
   },
   "outputs": [
    {
     "name": "stdout",
     "output_type": "stream",
     "text": [
      "======== 0 -th iteration ========\n",
      "     ======== 1 4 ========\n",
      "======== 1 -th iteration ========\n",
      "     ======== 1 4 ========\n",
      "======== original ========\n"
     ]
    },
    {
     "data": {
      "text/html": [
       "<div>\n",
       "<style scoped>\n",
       "    .dataframe tbody tr th:only-of-type {\n",
       "        vertical-align: middle;\n",
       "    }\n",
       "\n",
       "    .dataframe tbody tr th {\n",
       "        vertical-align: top;\n",
       "    }\n",
       "\n",
       "    .dataframe thead th {\n",
       "        text-align: right;\n",
       "    }\n",
       "</style>\n",
       "<table border=\"1\" class=\"dataframe\">\n",
       "  <thead>\n",
       "    <tr style=\"text-align: right;\">\n",
       "      <th></th>\n",
       "      <th>動画時間_correct</th>\n",
       "      <th>経過日数</th>\n",
       "      <th>プレミア公開</th>\n",
       "      <th>視聴回数</th>\n",
       "      <th>コメント</th>\n",
       "      <th>高評価件数</th>\n",
       "      <th>低評価件数</th>\n",
       "    </tr>\n",
       "  </thead>\n",
       "  <tbody>\n",
       "    <tr>\n",
       "      <th>動画時間_correct</th>\n",
       "      <td>1.0000</td>\n",
       "      <td>-0.4725</td>\n",
       "      <td>0.6778</td>\n",
       "      <td>0.3289</td>\n",
       "      <td>0.4521</td>\n",
       "      <td>0.4101</td>\n",
       "      <td>0.1251</td>\n",
       "    </tr>\n",
       "    <tr>\n",
       "      <th>経過日数</th>\n",
       "      <td>-0.4725</td>\n",
       "      <td>1.0000</td>\n",
       "      <td>-0.6418</td>\n",
       "      <td>0.1271</td>\n",
       "      <td>-0.0774</td>\n",
       "      <td>0.0095</td>\n",
       "      <td>0.2587</td>\n",
       "    </tr>\n",
       "    <tr>\n",
       "      <th>プレミア公開</th>\n",
       "      <td>0.6778</td>\n",
       "      <td>-0.6418</td>\n",
       "      <td>1.0000</td>\n",
       "      <td>0.2140</td>\n",
       "      <td>0.3776</td>\n",
       "      <td>0.3293</td>\n",
       "      <td>0.1649</td>\n",
       "    </tr>\n",
       "    <tr>\n",
       "      <th>視聴回数</th>\n",
       "      <td>0.3289</td>\n",
       "      <td>0.1271</td>\n",
       "      <td>0.2140</td>\n",
       "      <td>1.0000</td>\n",
       "      <td>0.8486</td>\n",
       "      <td>0.9104</td>\n",
       "      <td>0.8311</td>\n",
       "    </tr>\n",
       "    <tr>\n",
       "      <th>コメント</th>\n",
       "      <td>0.4521</td>\n",
       "      <td>-0.0774</td>\n",
       "      <td>0.3776</td>\n",
       "      <td>0.8486</td>\n",
       "      <td>1.0000</td>\n",
       "      <td>0.8322</td>\n",
       "      <td>0.6137</td>\n",
       "    </tr>\n",
       "    <tr>\n",
       "      <th>高評価件数</th>\n",
       "      <td>0.4101</td>\n",
       "      <td>0.0095</td>\n",
       "      <td>0.3293</td>\n",
       "      <td>0.9104</td>\n",
       "      <td>0.8322</td>\n",
       "      <td>1.0000</td>\n",
       "      <td>0.6606</td>\n",
       "    </tr>\n",
       "    <tr>\n",
       "      <th>低評価件数</th>\n",
       "      <td>0.1251</td>\n",
       "      <td>0.2587</td>\n",
       "      <td>0.1649</td>\n",
       "      <td>0.8311</td>\n",
       "      <td>0.6137</td>\n",
       "      <td>0.6606</td>\n",
       "      <td>1.0000</td>\n",
       "    </tr>\n",
       "  </tbody>\n",
       "</table>\n",
       "</div>"
      ],
      "text/plain": [
       "              動画時間_correct    経過日数  プレミア公開   視聴回数    コメント  高評価件数  低評価件数\n",
       "動画時間_correct        1.0000 -0.4725  0.6778 0.3289  0.4521 0.4101 0.1251\n",
       "経過日数               -0.4725  1.0000 -0.6418 0.1271 -0.0774 0.0095 0.2587\n",
       "プレミア公開              0.6778 -0.6418  1.0000 0.2140  0.3776 0.3293 0.1649\n",
       "視聴回数                0.3289  0.1271  0.2140 1.0000  0.8486 0.9104 0.8311\n",
       "コメント                0.4521 -0.0774  0.3776 0.8486  1.0000 0.8322 0.6137\n",
       "高評価件数               0.4101  0.0095  0.3293 0.9104  0.8322 1.0000 0.6606\n",
       "低評価件数               0.1251  0.2587  0.1649 0.8311  0.6137 0.6606 1.0000"
      ]
     },
     "metadata": {},
     "output_type": "display_data"
    },
    {
     "name": "stdout",
     "output_type": "stream",
     "text": [
      "======== estimated ========\n"
     ]
    },
    {
     "data": {
      "text/html": [
       "<div>\n",
       "<style scoped>\n",
       "    .dataframe tbody tr th:only-of-type {\n",
       "        vertical-align: middle;\n",
       "    }\n",
       "\n",
       "    .dataframe tbody tr th {\n",
       "        vertical-align: top;\n",
       "    }\n",
       "\n",
       "    .dataframe thead th {\n",
       "        text-align: right;\n",
       "    }\n",
       "</style>\n",
       "<table border=\"1\" class=\"dataframe\">\n",
       "  <thead>\n",
       "    <tr style=\"text-align: right;\">\n",
       "      <th></th>\n",
       "      <th>動画時間_correct</th>\n",
       "      <th>経過日数</th>\n",
       "      <th>プレミア公開</th>\n",
       "      <th>視聴回数</th>\n",
       "      <th>コメント</th>\n",
       "      <th>高評価件数</th>\n",
       "      <th>低評価件数</th>\n",
       "    </tr>\n",
       "  </thead>\n",
       "  <tbody>\n",
       "    <tr>\n",
       "      <th>動画時間_correct</th>\n",
       "      <td>1.0000</td>\n",
       "      <td>-0.4725</td>\n",
       "      <td>0.6778</td>\n",
       "      <td>0.3289</td>\n",
       "      <td>0.4521</td>\n",
       "      <td>0.4101</td>\n",
       "      <td>0.1251</td>\n",
       "    </tr>\n",
       "    <tr>\n",
       "      <th>経過日数</th>\n",
       "      <td>-0.4725</td>\n",
       "      <td>1.0000</td>\n",
       "      <td>-0.6418</td>\n",
       "      <td>0.1271</td>\n",
       "      <td>-0.0700</td>\n",
       "      <td>0.0095</td>\n",
       "      <td>0.2587</td>\n",
       "    </tr>\n",
       "    <tr>\n",
       "      <th>プレミア公開</th>\n",
       "      <td>0.6778</td>\n",
       "      <td>-0.6418</td>\n",
       "      <td>1.0000</td>\n",
       "      <td>0.2140</td>\n",
       "      <td>0.3776</td>\n",
       "      <td>0.3293</td>\n",
       "      <td>0.1649</td>\n",
       "    </tr>\n",
       "    <tr>\n",
       "      <th>視聴回数</th>\n",
       "      <td>0.3289</td>\n",
       "      <td>0.1271</td>\n",
       "      <td>0.2140</td>\n",
       "      <td>1.0000</td>\n",
       "      <td>0.8486</td>\n",
       "      <td>0.9104</td>\n",
       "      <td>0.8311</td>\n",
       "    </tr>\n",
       "    <tr>\n",
       "      <th>コメント</th>\n",
       "      <td>0.4521</td>\n",
       "      <td>-0.0700</td>\n",
       "      <td>0.3776</td>\n",
       "      <td>0.8486</td>\n",
       "      <td>1.0000</td>\n",
       "      <td>0.8322</td>\n",
       "      <td>0.6137</td>\n",
       "    </tr>\n",
       "    <tr>\n",
       "      <th>高評価件数</th>\n",
       "      <td>0.4101</td>\n",
       "      <td>0.0095</td>\n",
       "      <td>0.3293</td>\n",
       "      <td>0.9104</td>\n",
       "      <td>0.8322</td>\n",
       "      <td>1.0000</td>\n",
       "      <td>0.6606</td>\n",
       "    </tr>\n",
       "    <tr>\n",
       "      <th>低評価件数</th>\n",
       "      <td>0.1251</td>\n",
       "      <td>0.2587</td>\n",
       "      <td>0.1649</td>\n",
       "      <td>0.8311</td>\n",
       "      <td>0.6137</td>\n",
       "      <td>0.6606</td>\n",
       "      <td>1.0000</td>\n",
       "    </tr>\n",
       "  </tbody>\n",
       "</table>\n",
       "</div>"
      ],
      "text/plain": [
       "              動画時間_correct    経過日数  プレミア公開   視聴回数    コメント  高評価件数  低評価件数\n",
       "動画時間_correct        1.0000 -0.4725  0.6778 0.3289  0.4521 0.4101 0.1251\n",
       "経過日数               -0.4725  1.0000 -0.6418 0.1271 -0.0700 0.0095 0.2587\n",
       "プレミア公開              0.6778 -0.6418  1.0000 0.2140  0.3776 0.3293 0.1649\n",
       "視聴回数                0.3289  0.1271  0.2140 1.0000  0.8486 0.9104 0.8311\n",
       "コメント                0.4521 -0.0700  0.3776 0.8486  1.0000 0.8322 0.6137\n",
       "高評価件数               0.4101  0.0095  0.3293 0.9104  0.8322 1.0000 0.6606\n",
       "低評価件数               0.1251  0.2587  0.1649 0.8311  0.6137 0.6606 1.0000"
      ]
     },
     "metadata": {},
     "output_type": "display_data"
    },
    {
     "data": {
      "text/html": [
       "<div>\n",
       "<style scoped>\n",
       "    .dataframe tbody tr th:only-of-type {\n",
       "        vertical-align: middle;\n",
       "    }\n",
       "\n",
       "    .dataframe tbody tr th {\n",
       "        vertical-align: top;\n",
       "    }\n",
       "\n",
       "    .dataframe thead th {\n",
